1024,4
1024,3
1024,2
0,426
0,424
1024,1
1024,0
0,423
1023,4
1023,3
1023,2
1023,1
1023,0
1022,4
1022,3
1022,2
1022,1
1022,0
1021,4
1021,3
1021,2
1021,1
1021,0
1020,4
1020,3
1020,2
1020,1
1020,0
1019,4
1019,3
1019,2
1019,1
1019,0
1018,4
1018,3
1018,2
1018,1
1018,0
0,422
0,421
1017,6
1017,5
1017,4
1017,3
1017,2
1017,1
1017,0
0,419
1016,5
1016,4
1016,3
1016,2
1016,1
1016,0
1015,4
1015,3
1015,2
1015,1
1015,0
1014,3
1014,2
1014,1
1014,0
1013,3
1013,2
1013,1
1013,0
1012,3
1012,2
1012,1
1012,0
1011,3
1011,2
1011,1
1011,0
1010,3
1010,2
1010,1
1010,0
1009,3
1009,2
1009,1
1009,0
0,414
0,413
1008,3
1008,2
1008,1
1008,0
1007,3
1007,2
1007,1
1007,0
1006,3
1006,2
1006,1
1006,0
0,411
0,408
0,386
10,207
10,233
10,115
10,167
10,273
10,299
10,9
11,18
11,24
11,25
11,9
11,10
9,5
9,2
9,3
8,5
8,15
8,8
8,7
8,2
8,3
12,2
12,1
12,3
1004,4
1004,3
1004,2
1004,1
1004,0
1002,4
1002,3
1002,2
1002,1
1002,0
1000,4
